import numpy as np
mine = [np.array([[ 1.       ,  0.2092146, -0.       ,  0.1830875,  0.       ,  0.0256196,  0.0815647],
       [ 0.2092146,  1.       ,  0.       ,  0.7400161,  0.       ,  0.1948764,  0.4075867],
       [-0.       ,  0.       ,  1.       ,  0.       ,  0.4987667,  0.1565907,  0.1017744],
       [ 0.1830875,  0.7400161,  0.       ,  1.       ,  0.       ,  0.4772552,  0.8304844],
       [ 0.       ,  0.       ,  0.4987667,  0.       ,  1.       ,  0.4721512,  0.3864259],
       [ 0.0256196,  0.1948764,  0.1565907,  0.4772552,  0.4721512,  1.0208701,  0.8133889],
       [ 0.0815647,  0.4075867,  0.1017744,  0.8304844,  0.3864259,  0.8133889,  1.4413193]]), np.array([]), np.array([[ 1.       ,  0.4987667, -0.2022397, -0.1314435],
       [ 0.4987667,  1.       , -0.6097918, -0.4990759],
       [-0.2022397, -0.6097918,  0.9791299,  0.478409 ],
       [-0.1314435, -0.4990759,  0.478409 ,  0.5586807]]), np.array([[1.       , 0.4987667],
       [0.4987667, 1.       ]])]

psi = np.array([[1.00000000000000,0.20921460999016,-0.00000000000000, 0.18308745823740, 0.00000000000000, 0.02561964105334, 0.08156471084712],
[0.20921460999016,1.00000000000000, 0.00000000000000, 0.74001611059404, 0.00000000000000, 0.19487638687271, 0.40758671763431],
[0.00000000000000,0.00000000000000, 1.00000000000000,-0.00000000000000, 0.49876667737856, 0.15659071292229, 0.10177440977544],
[0.18308745823740,0.74001611059404, 0.00000000000000, 1.00000000000000, 0.00000000000000, 0.47725522572568, 0.83048441347234],
[0.00000000000000,0.00000000000000, 0.49876667737856, 0.00000000000000, 1.00000000000000, 0.47215122555749, 0.38642586419211],
[0.02561964105334,0.19487638687271, 0.15659071292229, 0.47725522572568, 0.47215122555749, 1.02087013091242, 0.81338888196024],
[0.08156471084712,0.40758671763431, 0.10177440977544, 0.83048441347234, 0.38642586419211, 0.81338888196024, 1.44131925540436]])

print(np.amax(mine[0] - psi))