{'basis': 'sto-3g', 'molecule': '\n  0 1\n  O\n  H 1 R\n  H 1 R 2 A\n  R = 1.0\n  A = 104.5\n  symmetry c2v\n', 'nalpha': 5, 'nbeta': 5, 'scf_max_iter': 50}
8.801465564567374
   => Loading Basis Set <=

    Name: STO-3G
    Role: ORBITAL
    Keyword: BASIS
    atoms 1   entry O          line    81 file /home/nlk36701/psi4/build/stage/share/psi4/basis/sto-3g.gbs 
    atoms 2-3 entry H          line    19 file /home/nlk36701/psi4/build/stage/share/psi4/basis/sto-3g.gbs 


Scratch directory: /tmp/

*** tstart() called on nlk36701-OptiPlex-7060
*** at Wed Jan 19 13:53:07 2022

   => Loading Basis Set <=

    Name: STO-3G
    Role: ORBITAL
    Keyword: BASIS
    atoms 1   entry O          line    81 file /home/nlk36701/psi4/build/stage/share/psi4/basis/sto-3g.gbs 
    atoms 2-3 entry H          line    19 file /home/nlk36701/psi4/build/stage/share/psi4/basis/sto-3g.gbs 


         ---------------------------------------------------------
                                   SCF
               by Justin Turney, Rob Parrish, Andy Simmonett
                          and Daniel G. A. Smith
                              RHF Reference
                        1 Threads,    500 MiB Core
         ---------------------------------------------------------

  ==> Geometry <==

    Molecular point group: c2v
    Full point group: C2v

    Geometry (in Angstrom), charge = 0, multiplicity = 1:

       Center              X                  Y                   Z               Mass       
    ------------   -----------------  -----------------  -----------------  -----------------
         O            0.000000000000     0.000000000000    -0.068516219320    15.994914619570
         H            0.000000000000    -0.790689573744     0.543701060715     1.007825032230
         H            0.000000000000     0.790689573744     0.543701060715     1.007825032230

           O
              BASIS           STO-3G               ce60a13c765f9614c99c0135c607c24ee59dcfa5
           H
              BASIS           STO-3G               64d65a452b6e49c523a36fca03822dbe2f9a1c8d
           H
              BASIS           STO-3G               64d65a452b6e49c523a36fca03822dbe2f9a1c8d

  Running in c2v symmetry.

  Rotational constants: A =     25.12555  B =     13.37733  C =      8.72955 [cm^-1]
  Rotational constants: A = 753245.07149  B = 401042.16706  C = 261705.25473 [MHz]
  Nuclear repulsion =    8.801465564567374

  Charge       = 0
  Multiplicity = 1
  Electrons    = 10
  Nalpha       = 5
  Nbeta        = 5

  ==> Algorithm <==

  SCF Algorithm Type is PK.
  DIIS enabled.
  MOM disabled.
  Fractional occupation disabled.
  Guess Type is CORE.
  Energy threshold   = 1.00e-10
  Density threshold  = 1.00e-06
  Integral threshold = 1.00e-12

  ==> Primary Basis <==

  -AO BASIS SET INFORMATION:
    Name                   = STO-3G
    Blend                  = STO-3G
    Total number of shells = 5
    Number of primitives   = 15
    Number of AO           = 7
    Number of SO           = 7
    Maximum AM             = 1
    Spherical Harmonics    = TRUE

  -Contraction Scheme:
    Atom   Type   All Primitives // Shells:
   ------ ------ --------------------------
       1     O     6s 3p // 2s 1p 
       2     H     3s // 1s 
       3     H     3s // 1s 

  ==> AO Basis Functions <==

    [ STO-3G ]
    spherical
    ****
    O   1
    S   3 1.00
                       130.70932000           0.15432897
                        23.80886100           0.53532814
                         6.44360830           0.44463454
    S   3 1.00
                         5.03315130          -0.09996723
                         1.16959610           0.39951283
                         0.38038900           0.70011547
    P   3 1.00
                         5.03315130           0.15591627
                         1.16959610           0.60768372
                         0.38038900           0.39195739
    ****
    H   2
    S   3 1.00
                         3.42525091           0.15432897
                         0.62391373           0.53532814
                         0.16885540           0.44463454
    ****

  ==> Integral Setup <==

  Using in-core PK algorithm.
   Calculation information:
      Number of atoms:                   3
      Number of AO shells:               5
      Number of primitives:             15
      Number of atomic orbitals:         7
      Number of basis functions:         7

      Integral cutoff                 1.00e-12
      Number of threads:                 1

  Performing in-core PK
  Using 812 doubles for integral storage.
  We computed 120 shell quartets total.
  Whereas there are 120 unique shell quartets.

  ==> DiskJK: Disk-Based J/K Matrices <==

    J tasked:                  Yes
    K tasked:                  Yes
    wK tasked:                  No
    Memory [MiB]:              375
    Schwarz Cutoff:          1E-12

    OpenMP threads:              1

  ## One-electron Hamiltonian (Symmetry 0) ##
  Irrep: 1 Size: 4 x 4

                 1                   2                   3                   4

    1   -32.67360938122307    -7.60160704176513    -0.01741536402523    -2.23188409968938
    2    -7.60160704176513    -9.29147579738559    -0.20781331135887    -4.91205289073516
    3    -0.01741536402523    -0.20781331135887    -7.50695982726707    -2.19843350829329
    4    -2.23188409968938    -4.91205289073516    -2.19843350829329    -6.32623493583618



  Irrep: 2 Size: 0 x 0

	(empty)

  Irrep: 3 Size: 1 x 1

                 1

    1    -7.42214004568653



  Irrep: 4 Size: 2 x 2

                 1                   2

    1    -7.56362100858799     2.72200738566514
    2     2.72200738566514    -3.48092240687945




 # SO normalization factors #
 Irrep: 1
      1:    1.000000000000000
      2:    1.000000000000000
      3:    1.000000000000000
      4:    0.902315819895135

 Irrep: 2

 Irrep: 3
      1:    1.000000000000000

 Irrep: 4
      1:    1.000000000000000
      2:    1.138304793159911

  Irrep: 1 Size: 4 x 4

                 1                   2                   3                   4

    1     1.00000000000000     0.23670393651085     0.00000000000000     0.06221058420498
    2     0.23670393651085     1.00000000000000    -0.00000000000000     0.57058949529318
    3    -0.00000000000000    -0.00000000000000     1.00000000000000     0.29546405213138
    4     0.06221058420498     0.57058949529318     0.29546405213138     1.00000000000000



  Irrep: 2 Size: 0 x 0

	(empty)

  Irrep: 3 Size: 1 x 1

                 1

    1     1.00000000000000



  Irrep: 4 Size: 2 x 2

                 1                   2

    1     1.00000000000000    -0.48139887505209
    2    -0.48139887505209     1.00000000000000



  ## U with eigenvalues ##
 Irrep: 1

           1           2           3           4

    1  -0.1678941   0.7289025   0.6040553   0.2750090
    2   0.6468720  -0.3185493   0.2745563   0.6361618
    3   0.3038029   0.5592001  -0.7183160   0.2811069
    4  -0.6790228  -0.2335009  -0.2091844   0.6638126

        0.3396151   0.8766253   1.0860436   1.6977160

 Irrep: 2




     

 Irrep: 3

           1

    1   1.0000000

        1.0000000

 Irrep: 4

           1           2

    1  -0.7071068  -0.7071068
    2  -0.7071068   0.7071068

        0.5186011   1.4813989

  Minimum eigenvalue in the overlap matrix is 3.3961511601E-01.
  Reciprocal condition number of the overlap matrix is 2.0004236390E-01.
    Using symmetric orthogonalization.
  ## Half-transformed matrix Us (Symmetry 0) ##
  Irrep: 1 Size: 4 x 4

                 1                   2                   3                   4

    1    -0.28809915919346     0.77850684443484     0.57963292056546     0.21106410007273
    2     1.11000476825878    -0.34022769110312     0.26345584338883     0.48824189239981
    3     0.52131280135357     0.59725563950777    -0.68927406417207     0.21574412225349
    4    -1.16517421107577    -0.24939147589086    -0.20072698635038     0.50946339694565



  Irrep: 2 Size: 0 x 0

	(empty)

  Irrep: 3 Size: 1 x 1

                 1

    1     1.00000000000000



  Irrep: 4 Size: 2 x 2

                 1                   2

    1    -0.98190229457153    -0.58096369923307
    2    -0.98190229457153     0.58096369923307



  ## U with eigenvalues ##
 Irrep: 1

           1           2           3           4

    1  -0.1678941   0.7289025   0.6040553   0.2750090
    2   0.6468720  -0.3185493   0.2745563   0.6361618
    3   0.3038029   0.5592001  -0.7183160   0.2811069
    4  -0.6790228  -0.2335009  -0.2091844   0.6638126

        0.3396151   0.8766253   1.0860436   1.6977160

 Irrep: 2




     

 Irrep: 3

           1

    1   1.0000000

        1.0000000

 Irrep: 4

           1           2

    1  -0.7071068  -0.7071068
    2  -0.7071068   0.7071068

        0.5186011   1.4813989

  ## X (Symmetric Orthogonalization) (Symmetry 0) ##
  Irrep: 1 Size: 4 x 4

                 1                   2                   3                   4

    1     1.02400058457289    -0.14094329848588    -0.00921227469213     0.03270065295877
    2    -0.14094329848588     1.20934458523611     0.09497088349988    -0.40528482123038
    3    -0.00921227469213     0.09497088349988     1.04812554269490    -0.20604395074574
    4     0.03270065295877    -0.40528482123038    -0.20604395074574     1.22959021532265



  Irrep: 2 Size: 0 x 0

	(empty)

  Irrep: 3 Size: 1 x 1

                 1

    1     1.00000000000000



  Irrep: 4 Size: 2 x 2

                 1                   2

    1     1.10511314230508     0.28350639960323
    2     0.28350639960323     1.10511314230508



  ## MO overlap (Symmetry 0) ##
  Irrep: 1 Size: 4 x 4

                 1                   2                   3                   4

    1     1.00000000000000     0.00000000000000    -0.00000000000000     0.00000000000000
    2     0.00000000000000     1.00000000000000     0.00000000000000    -0.00000000000000
    3    -0.00000000000000     0.00000000000000     1.00000000000000    -0.00000000000000
    4     0.00000000000000    -0.00000000000000    -0.00000000000000     1.00000000000000



  Irrep: 2 Size: 0 x 0

	(empty)

  Irrep: 3 Size: 1 x 1

                 1

    1     1.00000000000000



  Irrep: 4 Size: 2 x 2

                 1                   2

    1     1.00000000000000     0.00000000000000
    2     0.00000000000000     1.00000000000000



  MO non-orthonormality 2.952818e-30
  ## S (Symmetry 0) ##
  Irrep: 1 Size: 4 x 4

                 1                   2                   3                   4

    1     1.00000000000000     0.23670393651085     0.00000000000000     0.06894546547151
    2     0.23670393651085     1.00000000000000    -0.00000000000000     0.63236117854998
    3    -0.00000000000000    -0.00000000000000     1.00000000000000     0.32745081668381
    4     0.06894546547151     0.63236117854998     0.32745081668381     1.22823892429818



  Irrep: 2 Size: 0 x 0

	(empty)

  Irrep: 3 Size: 1 x 1

                 1

    1     1.00000000000000



  Irrep: 4 Size: 2 x 2

                 1                   2

    1     1.00000000000000    -0.42290858998822
    2    -0.42290858998822     0.77176107570182



  ## X (Symmetric Orthogonalization) (Symmetry 0) ##
  Irrep: 1 Size: 4 x 4

                 1                   2                   3                   4

    1     1.02400058457289    -0.14094329848588    -0.00921227469213     0.03270065295877
    2    -0.14094329848588     1.20934458523611     0.09497088349988    -0.40528482123038
    3    -0.00921227469213     0.09497088349988     1.04812554269490    -0.20604395074574
    4     0.02950631648560    -0.36569490575954    -0.18591671635157     1.10947870327389



  Irrep: 2 Size: 0 x 0

	(empty)

  Irrep: 3 Size: 1 x 1

                 1

    1     1.00000000000000



  Irrep: 4 Size: 2 x 2

                 1                   2

    1     1.10511314230508     0.28350639960323
    2     0.32271669355986     1.25795558686989




  ==> Pre-Iterations <==

  SCF Guess: Core (One-Electron) Hamiltonian.

  ## F transformed (Symmetry 0) ##
  Irrep: 1 Size: 4 x 4

                 1                   2                   3                   4

    1   -32.35033320920515    -2.78398331299694     0.01411856583181    -0.33464940509462
    2    -2.78398331299694    -8.34025420849594    -0.27272759778539    -0.59768083678130
    3     0.01411856583181    -0.27272759778539    -7.55727027082515    -0.15870942328758
    4    -0.33464940509462    -0.59768083678130    -0.15870942328758    -4.23939853905263



  Irrep: 2 Size: 0 x 0

	(empty)

  Irrep: 3 Size: 1 x 1

                 1

    1    -7.42214004568654



  Irrep: 4 Size: 2 x 2

                 1                   2

    1    -7.65824100901964     0.25027227182446
    2     0.25027227182446    -4.17478116822023



  ## Beta MO coefficients (Symmetry 0) ##
  Irrep: 1 Size: 4 x 4

                 1                   2                   3                   4

    1     1.00160762329578     0.23380522608852     0.09345884391001     0.05458148960140
    2    -0.00777939369662    -1.08274338692324    -0.39179827827174    -0.57424292987503
    3    -0.00042228048266    -0.47697838060200     0.92640576097009    -0.25375068426522
    4     0.00311197060488     0.24908511185419    -0.05009545541473     1.15565945385595



  Irrep: 2 Size: 0 x 0

	(empty)

  Irrep: 3 Size: 1 x 1

                 1

    1     1.00000000000000



  Irrep: 4 Size: 2 x 2

                 1                   2

    1    -1.08208765084377    -0.36157606641316
    2    -0.23220707820253    -1.27776296537035



  ## Beta MO coefficients (Symmetry 0) ##
  Irrep: 1 Size: 4 x 4

                 1                   2                   3                   4

    1     1.00160762329578     0.23380522608852     0.09345884391001     0.05458148960140
    2    -0.00777939369662    -1.08274338692324    -0.39179827827174    -0.57424292987503
    3    -0.00042228048266    -0.47697838060200     0.92640576097009    -0.25375068426522
    4     0.00311197060488     0.24908511185419    -0.05009545541473     1.15565945385595



  Irrep: 2 Size: 0 x 0

	(empty)

  Irrep: 3 Size: 1 x 1

                 1

    1     1.00000000000000



  Irrep: 4 Size: 2 x 2

                 1                   2

    1    -1.08208765084377    -0.36157606641316
    2    -0.23220707820253    -1.27776296537035



  ## SCF density (Symmetry 0) ##
  Irrep: 1 Size: 4 x 4

                 1                   2                   3                   4

    1     1.06661727029552    -0.29755997653980    -0.02536218605475     0.05667251102547
    2    -0.29755997653980     1.32589965174900     0.15348429025919    -0.25009215370494
    3    -0.02536218605475     0.15348429025919     1.08573618784109    -0.16521824590336
    4     0.05667251102547    -0.25009215370494    -0.16521824590336     0.06456263196167



  Irrep: 2 Size: 0 x 0

	(empty)

  Irrep: 3 Size: 1 x 1

                 1

    1     1.00000000000000



  Irrep: 4 Size: 2 x 2

                 1                   2

    1     1.17091368410859     0.25126841176147
    2     0.25126841176147     0.05392012716735



  ## SCF density (Symmetry 0) ##
  Irrep: 1 Size: 4 x 4

                 1                   2                   3                   4

    1     1.06661727029552    -0.29755997653980    -0.02536218605475     0.05667251102547
    2    -0.29755997653980     1.32589965174900     0.15348429025919    -0.25009215370494
    3    -0.02536218605475     0.15348429025919     1.08573618784109    -0.16521824590336
    4     0.05667251102547    -0.25009215370494    -0.16521824590336     0.06456263196167



  Irrep: 2 Size: 0 x 0

	(empty)

  Irrep: 3 Size: 1 x 1

                 1

    1     1.00000000000000



  Irrep: 4 Size: 2 x 2

                 1                   2

    1     1.17091368410859     0.25126841176147
    2     0.25126841176147     0.05392012716735



  ## F (Symmetry 0) ##
  Irrep: 1 Size: 4 x 4

                 1                   2                   3                   4

    1   -32.67360938122307    -7.60160704176513    -0.01741536402523    -2.23188409968938
    2    -7.60160704176513    -9.29147579738559    -0.20781331135887    -4.91205289073516
    3    -0.01741536402523    -0.20781331135887    -7.50695982726707    -2.19843350829329
    4    -2.23188409968938    -4.91205289073516    -2.19843350829329    -6.32623493583618



  Irrep: 2 Size: 0 x 0

	(empty)

  Irrep: 3 Size: 1 x 1

                 1

    1    -7.42214004568653



  Irrep: 4 Size: 2 x 2

                 1                   2

    1    -7.56362100858799     2.72200738566514
    2     2.72200738566514    -3.48092240687945



  ## F (Symmetry 0) ##
  Irrep: 1 Size: 4 x 4

                 1                   2                   3                   4

    1   -32.67360938122307    -7.60160704176513    -0.01741536402523    -2.23188409968938
    2    -7.60160704176513    -9.29147579738559    -0.20781331135887    -4.91205289073516
    3    -0.01741536402523    -0.20781331135887    -7.50695982726707    -2.19843350829329
    4    -2.23188409968938    -4.91205289073516    -2.19843350829329    -6.32623493583618



  Irrep: 2 Size: 0 x 0

	(empty)

  Irrep: 3 Size: 1 x 1

                 1

    1    -7.42214004568653



  Irrep: 4 Size: 2 x 2

                 1                   2

    1    -7.56362100858799     2.72200738566514
    2     2.72200738566514    -3.48092240687945



   -------------------------------------------------------
    Irrep   Nso     Nmo     Nalpha   Nbeta   Ndocc  Nsocc
   -------------------------------------------------------
     A1         4       4       3       3       3       0
     A2         0       0       0       0       0       0
     B1         1       1       1       1       1       0
     B2         2       2       1       1       1       0
   -------------------------------------------------------
    Total       7       7       5       5       5       0
   -------------------------------------------------------

  ==> Iterations <==

                        Total Energy        Delta E     RMS |[F,P]|

  ## F (Symmetry 0) ##
  Irrep: 1 Size: 4 x 4

                 1                   2                   3                   4

    1   -18.85371222471212    -4.88435988050117    -0.01396824771352    -1.44832813732345
    2    -4.88435988050117    -1.86077281894060    -0.21349586799824    -1.00451632833266
    3    -0.01396824771352    -0.21349586799824     0.16828879962536    -0.30786653895538
    4    -1.44832813732345    -1.00451632833266    -0.30786653895538    -0.47890173932383



  Irrep: 2 Size: 0 x 0

	(empty)

  Irrep: 3 Size: 1 x 1

                 1

    1     0.25498122159941



  Irrep: 4 Size: 2 x 2

                 1                   2

    1     0.10983996502654     0.27591331551225
    2     0.27591331551225     0.03947184131631



  ## F (Symmetry 0) ##
  Irrep: 1 Size: 4 x 4

                 1                   2                   3                   4

    1   -18.85371222471212    -4.88435988050117    -0.01396824771352    -1.44832813732345
    2    -4.88435988050117    -1.86077281894060    -0.21349586799824    -1.00451632833266
    3    -0.01396824771352    -0.21349586799824     0.16828879962536    -0.30786653895538
    4    -1.44832813732345    -1.00451632833266    -0.30786653895538    -0.47890173932383



  Irrep: 2 Size: 0 x 0

	(empty)

  Irrep: 3 Size: 1 x 1

                 1

    1     0.25498122159941



  Irrep: 4 Size: 2 x 2

                 1                   2

    1     0.10983996502654     0.27591331551225
    2     0.27591331551225     0.03947184131631



  After DIIS:
  ## F (Symmetry 0) ##
  Irrep: 1 Size: 4 x 4

                 1                   2                   3                   4

    1   -18.85371222471212    -4.88435988050117    -0.01396824771352    -1.44832813732345
    2    -4.88435988050117    -1.86077281894060    -0.21349586799824    -1.00451632833266
    3    -0.01396824771352    -0.21349586799824     0.16828879962536    -0.30786653895538
    4    -1.44832813732345    -1.00451632833266    -0.30786653895538    -0.47890173932383



  Irrep: 2 Size: 0 x 0

	(empty)

  Irrep: 3 Size: 1 x 1

                 1

    1     0.25498122159941



  Irrep: 4 Size: 2 x 2

                 1                   2

    1     0.10983996502654     0.27591331551225
    2     0.27591331551225     0.03947184131631



  ## F (Symmetry 0) ##
  Irrep: 1 Size: 4 x 4

                 1                   2                   3                   4

    1   -18.85371222471212    -4.88435988050117    -0.01396824771352    -1.44832813732345
    2    -4.88435988050117    -1.86077281894060    -0.21349586799824    -1.00451632833266
    3    -0.01396824771352    -0.21349586799824     0.16828879962536    -0.30786653895538
    4    -1.44832813732345    -1.00451632833266    -0.30786653895538    -0.47890173932383



  Irrep: 2 Size: 0 x 0

	(empty)

  Irrep: 3 Size: 1 x 1

                 1

    1     0.25498122159941



  Irrep: 4 Size: 2 x 2

                 1                   2

    1     0.10983996502654     0.27591331551225
    2     0.27591331551225     0.03947184131631



  ## F transformed (Symmetry 0) ##
  Irrep: 1 Size: 4 x 4

                 1                   2                   3                   4

    1   -18.47634869978031    -2.63968050321823    -0.02391139108217    -0.18018428209884
    2    -2.63968050321823    -0.78148012639111    -0.06332409752139    -0.52978914766368
    3    -0.02391139108217    -0.06332409752139     0.26674902671385    -0.32702925889907
    4    -0.18018428209884    -0.52978914766368    -0.32702925889907     0.12487358404847



  Irrep: 2 Size: 0 x 0

	(empty)

  Irrep: 3 Size: 1 x 1

                 1

    1     0.25498122159941



  Irrep: 4 Size: 2 x 2

                 1                   2

    1     0.33505824599109     0.45925170849779
    2     0.45925170849779     0.26809338762189



    Occupation by irrep:
             A1    A2    B1    B2 
    DOCC [     3,    0,    1,    1 ]

  ## Beta MO coefficients (Symmetry 0) ##
  Irrep: 1 Size: 4 x 4

                 1                   2                   3                   4

    1     0.99312114952861     0.22486995409887    -0.14171322164744     0.11250625856133
    2     0.03042036200924    -0.78552678066284     0.70036929268774    -0.73970245812572
    3     0.00390525669845    -0.19816854195648    -0.66168117884349    -0.82037649473848
    4    -0.00919386060641    -0.26559370251396    -0.50984940645369     1.03418588566040



  Irrep: 2 Size: 0 x 0

	(empty)

  Irrep: 3 Size: 1 x 1

                 1

    1     1.00000000000000



  Irrep: 4 Size: 2 x 2

                 1                   2

    1     0.54485667821187    -1.00238821627119
    2    -0.70153897707018    -1.09290502171538



  ## Beta MO coefficients (Symmetry 0) ##
  Irrep: 1 Size: 4 x 4

                 1                   2                   3                   4

    1     0.99312114952861     0.22486995409887    -0.14171322164744     0.11250625856133
    2     0.03042036200924    -0.78552678066284     0.70036929268774    -0.73970245812572
    3     0.00390525669845    -0.19816854195648    -0.66168117884349    -0.82037649473848
    4    -0.00919386060641    -0.26559370251396    -0.50984940645369     1.03418588566040



  Irrep: 2 Size: 0 x 0

	(empty)

  Irrep: 3 Size: 1 x 1

                 1

    1     1.00000000000000



  Irrep: 4 Size: 2 x 2

                 1                   2

    1     0.54485667821187    -1.00238821627119
    2    -0.70153897707018    -1.09290502171538



  ## SCF density (Symmetry 0) ##
  Irrep: 1 Size: 4 x 4

                 1                   2                   3                   4

    1     1.05693875108716    -0.24568185503311     0.05308521364536     0.00339774083628
    2    -0.24568185503311     1.10849486770322    -0.30763568309718    -0.14873158264303
    3     0.05308521364536    -0.30763568309718     0.47710800448675     0.38995416868923
    4     0.00339774083628    -0.14873158264303     0.38995416868923     0.33057095914910



  Irrep: 2 Size: 0 x 0

	(empty)

  Irrep: 3 Size: 1 x 1

                 1

    1     1.00000000000000



  Irrep: 4 Size: 2 x 2

                 1                   2

    1     0.29686879979207    -0.38223819668261
    2    -0.38223819668261     0.49215693634867



  ## SCF density (Symmetry 0) ##
  Irrep: 1 Size: 4 x 4

                 1                   2                   3                   4

    1     1.05693875108716    -0.24568185503311     0.05308521364536     0.00339774083628
    2    -0.24568185503311     1.10849486770322    -0.30763568309718    -0.14873158264303
    3     0.05308521364536    -0.30763568309718     0.47710800448675     0.38995416868923
    4     0.00339774083628    -0.14873158264303     0.38995416868923     0.33057095914910



  Irrep: 2 Size: 0 x 0

	(empty)

  Irrep: 3 Size: 1 x 1

                 1

    1     1.00000000000000



  Irrep: 4 Size: 2 x 2

                 1                   2

    1     0.29686879979207    -0.38223819668261
    2    -0.38223819668261     0.49215693634867



   @RHF iter   1:   -73.25301168397343   -7.32530e+01   2.14121e-01 DIIS
  ## F (Symmetry 0) ##
  Irrep: 1 Size: 4 x 4

                 1                   2                   3                   4

    1   -20.42388693703146    -5.19847069084909    -0.02720114876258    -1.53825676748015
    2    -5.19847069084909    -2.52544700814629    -0.09274059707518    -1.36906443573733
    3    -0.02720114876258    -0.09274059707518    -0.35944545907454    -0.51254140178926
    4    -1.53825676748015    -1.36906443573733    -0.51254140178926    -0.89511189031516



  Irrep: 2 Size: 0 x 0

	(empty)

  Irrep: 3 Size: 1 x 1

                 1

    1    -0.48750241816001



  Irrep: 4 Size: 2 x 2

                 1                   2

    1    -0.34148750631307     0.55546573533904
    2     0.55546573533904    -0.19482509403675



  ## F (Symmetry 0) ##
  Irrep: 1 Size: 4 x 4

                 1                   2                   3                   4

    1   -20.42388693703146    -5.19847069084909    -0.02720114876258    -1.53825676748015
    2    -5.19847069084909    -2.52544700814629    -0.09274059707518    -1.36906443573733
    3    -0.02720114876258    -0.09274059707518    -0.35944545907454    -0.51254140178926
    4    -1.53825676748015    -1.36906443573733    -0.51254140178926    -0.89511189031516



  Irrep: 2 Size: 0 x 0

	(empty)

  Irrep: 3 Size: 1 x 1

                 1

    1    -0.48750241816001



  Irrep: 4 Size: 2 x 2

                 1                   2

    1    -0.34148750631307     0.55546573533904
    2     0.55546573533904    -0.19482509403675



  After DIIS:
  ## F (Symmetry 0) ##
  Irrep: 1 Size: 4 x 4

                 1                   2                   3                   4

    1   -20.20385114110478    -5.15445289994862    -0.02534676154572    -1.52565465539805
    2    -5.15445289994862    -2.43230316045449    -0.10966258794755    -1.31797863468793
    3    -0.02534676154572    -0.10966258794755    -0.28549163295586    -0.48385937297011
    4    -1.52565465539805    -1.31797863468793    -0.48385937297011    -0.83678644975902



  Irrep: 2 Size: 0 x 0

	(empty)

  Irrep: 3 Size: 1 x 1

                 1

    1    -0.38345477470020



  Irrep: 4 Size: 2 x 2

                 1                   2

    1    -0.27824091432516     0.51629077046589
    2     0.51629077046589    -0.16199198810968



  ## F (Symmetry 0) ##
  Irrep: 1 Size: 4 x 4

                 1                   2                   3                   4

    1   -20.20385114110478    -5.15445289994862    -0.02534676154572    -1.52565465539805
    2    -5.15445289994862    -2.43230316045449    -0.10966258794755    -1.31797863468793
    3    -0.02534676154572    -0.10966258794755    -0.28549163295586    -0.48385937297011
    4    -1.52565465539805    -1.31797863468793    -0.48385937297011    -0.83678644975902



  Irrep: 2 Size: 0 x 0

	(empty)

  Irrep: 3 Size: 1 x 1

                 1

    1    -0.38345477470020



  Irrep: 4 Size: 2 x 2

                 1                   2

    1    -0.27824091432516     0.51629077046589
    2     0.51629077046589    -0.16199198810968



  ## F transformed (Symmetry 0) ##
  Irrep: 1 Size: 4 x 4

                 1                   2                   3                   4

    1   -19.82729980154088    -2.68580302265150    -0.05153453347060    -0.18376609166309
    2    -2.68580302265150    -1.29838435449743     0.09028662770622    -0.63153562774118
    3    -0.05153453347060     0.09028662770622    -0.14864138019264    -0.44798930547342
    4    -0.18376609166309    -0.63153562774118    -0.44798930547342    -0.04884068502200



  Irrep: 2 Size: 0 x 0

	(empty)

  Irrep: 3 Size: 1 x 1

                 1

    1    -0.38345477470020



  Irrep: 4 Size: 2 x 2

                 1                   2

    1     0.01157877325908     0.61203786008559
    2     0.61203786008559     0.08954984444870



    Occupation by irrep:
             A1    A2    B1    B2 
    DOCC [     3,    0,    1,    1 ]

  ## Beta MO coefficients (Symmetry 0) ##
  Irrep: 1 Size: 4 x 4

                 1                   2                   3                   4

    1     0.99421931739599     0.23845578950069    -0.09921379327008     0.12008254618318
    2     0.02574857043477    -0.87203815440831     0.52513359213514    -0.78662301838200
    3     0.00380883023807    -0.11037866542749    -0.75000895318412    -0.75856061773630
    4    -0.00780386614679    -0.19468886509863    -0.44947407559616     1.07708857857422



  Irrep: 2 Size: 0 x 0

	(empty)

  Irrep: 3 Size: 1 x 1

                 1

    1     1.00000000000000



  Irrep: 4 Size: 2 x 2

                 1                   2

    1    -0.61189497300320     0.96293067140102
    2     0.62543560392277     1.13816898050559



  ## Beta MO coefficients (Symmetry 0) ##
  Irrep: 1 Size: 4 x 4

                 1                   2                   3                   4

    1     0.99421931739599     0.23845578950069    -0.09921379327008     0.12008254618318
    2     0.02574857043477    -0.87203815440831     0.52513359213514    -0.78662301838200
    3     0.00380883023807    -0.11037866542749    -0.75000895318412    -0.75856061773630
    4    -0.00780386614679    -0.19468886509863    -0.44947407559616     1.07708857857422



  Irrep: 2 Size: 0 x 0

	(empty)

  Irrep: 3 Size: 1 x 1

                 1

    1     1.00000000000000



  Irrep: 4 Size: 2 x 2

                 1                   2

    1    -0.61189497300320     0.96293067140102
    2     0.62543560392277     1.13816898050559



  ## SCF density (Symmetry 0) ##
  Irrep: 1 Size: 4 x 4

                 1                   2                   3                   4

    1     1.05517659140479    -0.23444331611184     0.05187761402274    -0.00958941349114
    2    -0.23444331611184     1.03687882121205    -0.29750241610000    -0.06645875568212
    3     0.05187761402274    -0.29750241610000     0.57471138682568     0.35856935442311
    4    -0.00958941349114    -0.06645875568212     0.35856935442311     0.23999159915326



  Irrep: 2 Size: 0 x 0

	(empty)

  Irrep: 3 Size: 1 x 1

                 1

    1     1.00000000000000



  Irrep: 4 Size: 2 x 2

                 1                   2

    1     0.37441545798659    -0.38270090197756
    2    -0.38270090197756     0.39116969465424



  ## SCF density (Symmetry 0) ##
  Irrep: 1 Size: 4 x 4

                 1                   2                   3                   4

    1     1.05517659140479    -0.23444331611184     0.05187761402274    -0.00958941349114
    2    -0.23444331611184     1.03687882121205    -0.29750241610000    -0.06645875568212
    3     0.05187761402274    -0.29750241610000     0.57471138682568     0.35856935442311
    4    -0.00958941349114    -0.06645875568212     0.35856935442311     0.23999159915326



  Irrep: 2 Size: 0 x 0

	(empty)

  Irrep: 3 Size: 1 x 1

                 1

    1     1.00000000000000



  Irrep: 4 Size: 2 x 2

                 1                   2

    1     0.37441545798659    -0.38270090197756
    2    -0.38270090197756     0.39116969465424



   @RHF iter   2:   -74.93149651086445   -1.67848e+00   4.29180e-02 DIIS
  ## F (Symmetry 0) ##
  Irrep: 1 Size: 4 x 4

                 1                   2                   3                   4

    1   -20.23829747948707    -5.16207737959950    -0.02747958860235    -1.52817433323431
    2    -5.16207737959950    -2.43778307491238    -0.10981421321829    -1.34287877330648
    3    -0.02747958860235    -0.10981421321829    -0.31496479677707    -0.50299242177152
    4    -1.52817433323431    -1.34287877330648    -0.50299242177152    -0.86550870943321



  Irrep: 2 Size: 0 x 0

	(empty)

  Irrep: 3 Size: 1 x 1

                 1

    1    -0.39049392405629



  Irrep: 4 Size: 2 x 2

                 1                   2

    1    -0.29447204592717     0.54400896020674
    2     0.54400896020674    -0.17680907805391



  ## F (Symmetry 0) ##
  Irrep: 1 Size: 4 x 4

                 1                   2                   3                   4

    1   -20.23829747948707    -5.16207737959950    -0.02747958860235    -1.52817433323431
    2    -5.16207737959950    -2.43778307491238    -0.10981421321829    -1.34287877330648
    3    -0.02747958860235    -0.10981421321829    -0.31496479677707    -0.50299242177152
    4    -1.52817433323431    -1.34287877330648    -0.50299242177152    -0.86550870943321



  Irrep: 2 Size: 0 x 0

	(empty)

  Irrep: 3 Size: 1 x 1

                 1

    1    -0.39049392405629



  Irrep: 4 Size: 2 x 2

                 1                   2

    1    -0.29447204592717     0.54400896020674
    2     0.54400896020674    -0.17680907805391



  After DIIS:
  ## F (Symmetry 0) ##
  Irrep: 1 Size: 4 x 4

                 1                   2                   3                   4

    1   -20.26845699695307    -5.16835771729518    -0.02835411955937    -1.53008577165791
    2    -5.16835771729518    -2.44748555080007    -0.10843775408156    -1.35557186965059
    3    -0.02835411955937    -0.10843775408156    -0.33112668424077    -0.51185386287276
    4    -1.53008577165791    -1.35557186965059    -0.51185386287276    -0.88009939287672



  Irrep: 2 Size: 0 x 0

	(empty)

  Irrep: 3 Size: 1 x 1

                 1

    1    -0.40164120139050



  Irrep: 4 Size: 2 x 2

                 1                   2

    1    -0.30527225142212     0.55664608427840
    2     0.55664608427840    -0.18456756357081



  ## F (Symmetry 0) ##
  Irrep: 1 Size: 4 x 4

                 1                   2                   3                   4

    1   -20.26845699695307    -5.16835771729518    -0.02835411955937    -1.53008577165791
    2    -5.16835771729518    -2.44748555080007    -0.10843775408156    -1.35557186965059
    3    -0.02835411955937    -0.10843775408156    -0.33112668424077    -0.51185386287276
    4    -1.53008577165791    -1.35557186965059    -0.51185386287276    -0.88009939287672



  Irrep: 2 Size: 0 x 0

	(empty)

  Irrep: 3 Size: 1 x 1

                 1

    1    -0.40164120139050



  Irrep: 4 Size: 2 x 2

                 1                   2

    1    -0.30527225142212     0.55664608427840
    2     0.55664608427840    -0.18456756357081



  ## F transformed (Symmetry 0) ##
  Irrep: 1 Size: 4 x 4

                 1                   2                   3                   4

    1   -19.89125350520031    -2.69297963295998    -0.05598327535972    -0.18004495172378
    2    -2.69297963295998    -1.28823515057698     0.10417451116402    -0.66744865961388
    3    -0.05598327535972     0.10417451116402    -0.18786522726457    -0.46969202741416
    4    -0.18004495172378    -0.66744865961388    -0.46969202741416    -0.05975747982142



  Irrep: 2 Size: 0 x 0

	(empty)

  Irrep: 3 Size: 1 x 1

                 1

    1    -0.40164120139050



  Irrep: 4 Size: 2 x 2

                 1                   2

    1     0.00499943204844     0.65419738782759
    2     0.65419738782759     0.08043692048798



    Occupation by irrep:
             A1    A2    B1    B2 
    DOCC [     3,    0,    1,    1 ]

  ## Beta MO coefficients (Symmetry 0) ##
  Irrep: 1 Size: 4 x 4

                 1                   2                   3                   4

    1     0.99426226876541     0.23455142785112    -0.10139008772245     0.12547759966118
    2     0.02555986898148    -0.84988230177507     0.52664830227789    -0.80953253560029
    3     0.00392892174843    -0.11507451538094    -0.76284757386904    -0.74493731020269
    4    -0.00773559907924    -0.21905362444609    -0.42349671240632     1.08292086966373



  Irrep: 2 Size: 0 x 0

	(empty)

  Irrep: 3 Size: 1 x 1

                 1

    1     1.00000000000000



  Irrep: 4 Size: 2 x 2

                 1                   2

    1    -0.60899416198717     0.96476787186191
    2     0.62885820911621     1.13628151250759



  ## Beta MO coefficients (Symmetry 0) ##
  Irrep: 1 Size: 4 x 4

                 1                   2                   3                   4

    1     0.99426226876541     0.23455142785112    -0.10139008772245     0.12547759966118
    2     0.02555986898148    -0.84988230177507     0.52664830227789    -0.80953253560029
    3     0.00392892174843    -0.11507451538094    -0.76284757386904    -0.74493731020269
    4    -0.00773559907924    -0.21905362444609    -0.42349671240632     1.08292086966373



  Irrep: 2 Size: 0 x 0

	(empty)

  Irrep: 3 Size: 1 x 1

                 1

    1     1.00000000000000



  Irrep: 4 Size: 2 x 2

                 1                   2

    1    -0.60899416198717     0.96476787186191
    2     0.62885820911621     1.13628151250759



  ## SCF density (Symmetry 0) ##
  Irrep: 1 Size: 4 x 4

                 1                   2                   3                   4

    1     1.05385178128589    -0.22732481163070     0.05426066919297    -0.01613218585953
    2    -0.22732481163070     1.00031166806502    -0.30385216294220    -0.03706174695160
    3     0.05426066919297    -0.30385216294220     0.59519400147414     0.34824053671279
    4    -0.01613218585953    -0.03706174695160     0.34824053671279     0.22739379529504



  Irrep: 2 Size: 0 x 0

	(empty)

  Irrep: 3 Size: 1 x 1

                 1

    1     1.00000000000000



  Irrep: 4 Size: 2 x 2

                 1                   2

    1     0.37087388933445    -0.38297097806948
    2    -0.38297097806948     0.39546264717285



  ## SCF density (Symmetry 0) ##
  Irrep: 1 Size: 4 x 4

                 1                   2                   3                   4

    1     1.05385178128589    -0.22732481163070     0.05426066919297    -0.01613218585953
    2    -0.22732481163070     1.00031166806502    -0.30385216294220    -0.03706174695160
    3     0.05426066919297    -0.30385216294220     0.59519400147414     0.34824053671279
    4    -0.01613218585953    -0.03706174695160     0.34824053671279     0.22739379529504



  Irrep: 2 Size: 0 x 0

	(empty)

  Irrep: 3 Size: 1 x 1

                 1

    1     1.00000000000000



  Irrep: 4 Size: 2 x 2

                 1                   2

    1     0.37087388933445    -0.38297097806948
    2    -0.38297097806948     0.39546264717285



   @RHF iter   3:   -74.96324208556827   -3.17456e-02   7.70503e-03 DIIS
  ## F (Symmetry 0) ##
  Irrep: 1 Size: 4 x 4

                 1                   2                   3                   4

    1   -20.23885530805584    -5.16288061478007    -0.02824540184551    -1.52833061965681
    2    -5.16288061478007    -2.43366170382303    -0.10896708478812    -1.34632370652799
    3    -0.02824540184551    -0.10896708478812    -0.32323628551608    -0.50121328295743
    4    -1.52833061965681    -1.34632370652799    -0.50121328295743    -0.86890961695679



  Irrep: 2 Size: 0 x 0

	(empty)

  Irrep: 3 Size: 1 x 1

